0.149399
-0.463373
0.874521
0
0.76799
1.15138
0.477698
0
-1.22676
0.600126
0.522651
0
748.455
258.918
-31.3333
1
0.149414
-0.463365
0.874522
0
-0.909581
0.290975
0.306366
0
-0.397243
-0.841525
-0.37673
0
753.851
257.192
-33.1508
1
0.173133
0.109833
-0.978446
0
-0.952111
0.286924
-0.136393
0
0.266248
0.955232
0.154486
0
768.531
252.768
-31.0478
1
0.173132
0.109833
-0.978446
0
0.668681
-0.742236
0.035034
0
-0.723066
-0.660531
-0.202282
0
758.029
264.425
-31.598
1
0.270676
-0.942079
0.202531
0
0.370771
-0.102567
-0.975522
0
0.939161
0.339067
0.32191
0
755.288
278.732
-15.7206
1
0.270678
-0.942078
0.202535
0
-0.513559
0.036282
0.857853
0
-0.815126
-0.336054
-0.474165
0
758.335
278.516
-20.8098
1
0.504001
0.735284
-0.453542
0
-0.743917
0.636413
0.205407
0
0.439651
0.233672
0.867605
0
769.805
268.704
-23.9769
1
0.504001
0.735284
-0.453542
0
0.478277
0.199679
0.8554
0
0.719526
-0.64777
-0.250934
0
762.294
265.568
-37.4117
1
-0.855089
0.740499
0.407649
0
0.869572
0.897937
-0.477114
0
-0.659035
0.330369
-1.0535
0
760.908
254.554
-28.1102
1
-0.520736
1.04241
-0.746454
0
-0.645948
0.238216
0.951281
0
1.09976
0.563822
0.144148
0
765.369
252.909
-34.6808
1
0.155825
-0.44915
-0.926481
0
-1.31534
-0.323418
0.173798
0
-0.394441
1.07516
-0.776456
0
770.009
251.042
-47.0195
1
-0.903343
-0.805168
-0.0450161
0
0.976246
-0.88426
0.340634
0
-0.375379
-0.179133
1.17192
0
766.453
247.872
-47.1967
1
-0.976245
0.884261
-0.340636
0
-0.903344
-0.805168
-0.0450155
0
-0.37538
-0.179131
1.17192
0
770.009
251.042
-47.0195
1
-0.735739
1.04813
-0.262764
0
-1.04632
-0.511818
-0.325413
0
-0.523367
-0.319018
1.1474
0
778.924
255.403
-44.2469
1
-0.735738
1.04814
-0.262763
0
0.473042
0.294324
-1.16145
0
-1.06989
-0.526337
-0.270531
0
773.747
252.182
-31.5359
1
0.0631945
1.20428
-0.366645
0
1.24848
-0.108335
0.468684
0
0.589438
-0.0162687
-1.0665
0
765.369
252.909
-34.6808
1
1.34461
-0.291144
0.117461
0
0.187809
1.0316
0.216809
0
-0.223944
-0.551848
1.18858
0
783.061
243.089
-26.3166
1
0.422345
-1.16052
0.285829
0
-0.185304
0.0303623
-1.13885
0
1.29641
0.325221
-0.307979
0
780.783
249.348
-27.8582
1
-0.185303
0.0303657
-1.13885
0
-0.422343
1.16052
-0.285827
0
1.29641
0.325219
-0.307977
0
783.061
243.089
-26.3166
1
-0.54471
-0.936121
0.859489
0
0.708237
0.24164
0.839197
0
-1.04869
0.72118
0.185089
0
777.027
241.03
-33.4666
1
-0.54471
-0.936122
0.859489
0
1.26407
-0.489684
0.279196
0
0.0582031
0.581951
0.812723
0
763.193
246.389
-36.5222
1
-1.27528
0.0785176
0.470904
0
-0.324342
-0.971608
-0.274411
0
0.408469
-0.710618
1.08637
0
765.369
252.909
-34.6808
1
-0.354989
0.290323
1.00209
0
-0.413447
-1.11915
0.552899
0
1.26519
-0.343937
0.408332
0
768.605
261.668
-39.0083
1
0.548162
0.448927
0.698299
0
0.824622
-0.328531
-0.439665
0
0.0293121
0.819632
-0.563589
0
760.154
265.035
-34.5025
1
-0.584227
-0.156529
0.796488
0
-0.181312
0.981598
0.0599436
0
-0.791214
-0.109389
-0.601857
0
760.161
264.996
-34.5048
1
